"darkness_level","no_paleness_level","contrast_level","red_colours","diversityofhues","diversityofqcds","bluish_level","greyish_level","vividness","warmth","contrast_yellow_blue","contrast_red_green","Classification"
0.821435693,0.879561316,0.941874377,0.583333333,0.454545455,0.324324324,0.0,0.259920239,0.001495513,0.32442672,0.0,0.32442672,1.0
0.717784022,0.756322762,0.961461261,0.388888889,0.818181818,0.486486486,0.111111111,0.664893617,0.03703332,0.234443998,0.114423034,0.231232437,2.0
0.642971087,0.823629113,0.819341974,0.454545455,0.545454545,0.297297297,0.0,0.215254237,0.0,0.430707876,0.003988036,0.42671984,1.0
0.909081796,0.947373697,0.961708099,0.5,0.545454545,0.378378378,0.142857143,0.473837209,0.008219727,0.119887731,0.142857143,0.119887731,3.0
0.16,0.823112,0.336996,0.24,1.0,0.891892,0.121212,0.400519,0.00869,0.369322,0.165459,0.118578,2.0
0.815688647,0.894535189,0.921153458,0.318181818,0.727272727,0.594594595,0.090909091,0.295119984,0.067856423,0.561403509,0.231764102,0.425388183,3.0
0.934791332,0.988663724,0.946127608,0.615384615,0.454545455,0.351351351,0.0,0.057684591,0.011938202,0.353631621,0.0,0.353631621,1.0
0.809476109,0.918461384,0.891014725,0.368421053,0.818181818,0.513513514,0.052631579,0.120504858,0.107683061,0.698487429,0.25026756,0.54672944,3.0
0.706506507,0.753753754,0.952752753,0.5,0.454545455,0.378378378,0.0,0.404304304,6.00601E-4,0.326526527,0.002502503,0.324024024,2.0
0.8,0.862249,0.94006,0.42,0.545455,0.324324,0.0,0.521084,0.0,0.20015,0.006325,0.09,1.0
0.492676565,0.833669355,0.95453629,0.214285714,1.0,0.756756757,0.142857143,0.504334677,2.01613E-4,0.009677419,0.148703917,0.025806452,2.0
0.455457464,0.909811396,0.545646067,0.5,0.545454545,0.324324324,0.083333333,0.481641252,0.0,0.083768058,0.083333333,0.083768058,1.0
0.522101668,0.874221419,0.647880249,0.25,0.727272727,0.540540541,0.2,0.017279486,0.311533052,0.50612819,0.283383564,0.429375126,3.0
0.516051364,0.818820225,0.69723114,0.466666667,0.454545455,0.405405405,0.0,0.099819422,0.217495987,0.779193419,0.202548154,0.576645265,3.0
0.710909454,0.774830475,0.936078979,0.538461538,0.454545455,0.351351351,0.0,0.097526925,0.040087754,0.468687675,0.018348624,0.450339051,1.0
0.405794206,0.654745255,0.751048951,0.318181818,0.818181818,0.594594595,0.136363636,0.212587413,0.059140859,0.395404595,0.24045954,0.291908092,3.0
0.733633183,0.794502749,0.939130435,0.5,0.545454545,0.432432432,0.0,0.156421789,0.012593703,0.464667666,0.002598701,0.462068966,1.0
0.44,0.795466,0.646813,0.31,0.818182,0.702703,0.115385,0.443373,0.004673,0.477532,0.283526,0.263368,3.0
0.2446,0.4084,0.8362,0.166666667,0.727272727,0.486486486,0.111111111,0.4682,0.0,0.0675,0.143311111,0.0379,3.0
0.77,0.881844,0.885769,0.44,0.636364,0.486486,0.0,0.072262,0.063909,0.245794,0.005737,0.310302,1.0
0.745172969,0.837992759,0.907180209,0.3125,0.545454545,0.432432432,0.0,0.243061142,0.004927595,0.290426388,0.213596138,0.215205149,3.0
0.125603379,0.872485921,0.253117458,0.375,0.545454545,0.432432432,0.0,0.356395817,0.165929204,0.323209976,0.088797265,0.23501609,3.0
0.22,0.698991,0.520623,0.44,0.636364,0.432432,0.0,0.172775,0.044642,0.846512,0.001698,0.7603,3.0
0.540898156,0.75,0.790898156,0.263157895,0.727272727,0.513513514,0.210526316,0.613672815,0.00180433,0.043704892,0.214134977,0.040096231,2.0
0.334695912,0.93439681,0.400299103,0.206896552,1.0,0.783783784,0.137931034,0.067198405,0.372283151,0.643469591,0.563255062,0.305483549,3.0
0.642054575,0.954855538,0.687199037,0.411764706,0.545454545,0.459459459,0.0,0.053170144,0.290429374,0.460573836,0.118880417,0.506721509,3.0
0.31,0.861122,0.446098,0.17,0.727273,0.648649,0.166667,0.148733,0.350965,0.463909,0.212423,0.627434,3.0
0.44187906,0.892853573,0.549025487,0.4,0.727272727,0.540540541,0.1,0.270464768,0.339930035,0.631984008,0.157271364,0.582408796,3.0
0.727895957,0.738481702,0.989414255,0.7,0.272727273,0.27027027,0.0,0.136203246,1.00817E-4,0.863796754,0.0,0.863796754,2.0
0.496751624,0.892653673,0.604097951,0.352941176,0.636363636,0.459459459,0.0,0.229485257,0.140629685,0.72183908,0.036981509,0.703648176,3.0
0.831995183,0.914090727,0.917904456,0.5,0.545454545,0.432432432,0.0,0.269570454,4.01445E-4,0.27007226,0.032215978,0.237856283,1.0
0.847369991,0.946902655,0.900467336,0.461538462,0.545454545,0.351351351,0.0,0.151237944,8.94899E-4,0.148950979,0.009744457,0.139206523,1.0
0.690354823,0.876061969,0.814292854,0.357142857,0.636363636,0.378378378,0.0,0.325437281,0.170214893,0.613893053,0.178310845,0.452573713,3.0
0.31,0.53441,0.773876,0.53,0.545455,0.405405,0.0,0.049759,0.082263,0.374691,0.001003,0.83,1.0
0.793569712,0.901241987,0.892327724,0.333333333,0.454545455,0.324324324,0.0,0.374699519,0.061498397,0.329427083,0.009715545,0.319711538,1.0
0.740829585,0.785307346,0.955522239,0.388888889,0.636363636,0.486486486,0.0,0.388105947,0.015692154,0.362818591,0.099850075,0.333933033,3.0
0.407280772,0.788415125,0.618865648,0.32,0.818181818,0.675675676,0.16,0.373491553,0.024537409,0.038213998,0.174179405,0.02423572,2.0
0.27826087,0.709345327,0.568915542,0.421052632,0.636363636,0.513513514,0.0,0.282558721,0.065067466,0.6,0.017191404,0.585507246,2.0
0.210594703,0.463468266,0.747126437,0.428571429,0.545454545,0.378378378,0.214285714,0.555422289,0.024487756,0.271964018,0.214285714,0.271964018,2.0
0.698278466,0.75697171,0.941306755,0.4375,0.636363636,0.432432432,0.125,0.695761603,0.005436424,0.189167422,0.125,0.189167422,2.0
0.827485966,0.919607057,0.907878909,0.363636364,0.454545455,0.297297297,0.0,0.079290297,0.073877306,0.29681235,0.004310345,0.292502005,3.0
0.854745255,0.933266733,0.921478521,0.583333333,0.454545455,0.324324324,0.0,0.202497502,2.997E-4,0.071128871,0.0,0.071128871,1.0
0.208591409,0.601698302,0.606893107,0.018901099,0.818181818,0.621621622,0.043478261,0.401998002,0.008391608,0.31978022,0.174247492,0.18951049,3.0
0.69,0.859504,0.833703,0.5,0.545455,0.324324,0.0,0.253679,0.0,0.367337,2.02E-4,0.42,1.0
0.9,0.941159,0.956093,0.46,0.545455,0.351351,0.0,0.096077,0.001294,0.220776,4.98E-4,0.25,1.0
0.794607057,0.86978749,0.924819567,0.583333333,0.454545455,0.324324324,0.0,0.402566159,0.002004812,0.196972735,0.0,0.196972735,1.0
0.38,0.807857,0.569364,0.28,0.909091,0.783784,0.137931,0.279383,0.052558,0.365007,0.26253,0.378456,2.0
0.925963082,0.956360353,0.969602729,0.5,0.454545455,0.324324324,0.0,0.15329053,0.024678973,0.43459069,0.005718299,0.428872392,1.0
0.083358321,0.655072464,0.428285857,0.909090909,0.727272727,0.594594595,0.181818182,0.580509745,0.009795102,0.026586707,0.204706738,0.029985007,2.0
0.4,0.732226,0.666501,0.28,0.818182,0.783784,0.137931,0.249379,0.127473,0.489265,0.155829,0.386053,3.0
0.763263263,0.931431431,0.831831832,0.5,0.545454545,0.324324324,0.0,0.091391391,0.0,0.189089089,0.013813814,0.175275275,1.0
0.462640224,0.537159455,0.925480769,0.384615385,0.545454545,0.351351351,0.0,0.101862981,1.0016E-4,0.682692308,0.022435897,0.66025641,2.0
0.528506787,0.91372549,0.614781297,0.32,0.909090909,0.675675676,0.16,0.12297637,0.211764706,0.674509804,0.256128708,0.621518351,3.0
0.690628116,0.827018943,0.863609172,0.333333333,0.727272727,0.648648649,0.166666667,0.221335992,0.089930209,0.467298106,0.192289797,0.448055833,3.0
0.43,0.694823,0.735955,0.26,0.818182,0.621622,0.130435,0.273174,0.056581,0.464411,0.274797,0.268359,3.0
0.66,0.820201,0.84,0.5,0.545455,0.432432,0.0,0.425628,4.02E-4,0.184292,0.002513,0.02,1.0
0.799100899,0.823976024,0.975124875,0.3125,0.636363636,0.432432432,0.1875,0.527872128,0.0,0.367332667,0.236351149,0.318481518,2.0
0.88578884,0.934865516,0.950923324,0.357142857,0.636363636,0.378378378,0.142857143,0.285026094,0.0,0.043054998,0.146570511,0.03934163,1.0
0.371971972,0.637037037,0.734934935,0.363636364,0.818181818,0.594594595,0.090909091,0.4004004,0.068968969,0.536136136,0.143962144,0.483183183,3.0
0.4063,0.923,0.4833,0.333333333,0.818181818,0.648648649,0.083333333,0.1255,0.3952,0.7106,0.163233333,0.6439,3.0
0.51,0.842211,0.665062,0.44,0.727273,0.486486,0.111111,0.12579,0.224396,0.347105,0.12375,0.82,2.0
0.41489575,0.684542903,0.730352847,0.5,0.454545455,0.378378378,0.0,0.006816359,0.247393745,0.97914996,0.121992783,0.857157177,3.0
0.48823764,0.710426635,0.777811005,0.136363636,0.909090909,0.594594595,0.181818182,0.195574163,0.017444179,0.049541467,0.209230463,0.022328549,3.0
0.697944862,0.772431078,0.925513784,0.615384615,0.454545455,0.351351351,0.0,0.334536341,0.004411028,0.368621554,0.0,0.368621554,1.0
0.313134358,0.535222591,0.777911768,0.5,0.454545455,0.378378378,0.0,0.097980103,0.181087328,0.90171842,0.138880515,0.762837906,2.0
0.136889332,0.69670987,0.440179462,0.333333333,0.727272727,0.486486486,0.111111111,0.314057827,0.436490528,0.656430708,0.206923673,0.566101695,3.0
0.875324675,0.945754246,0.92957043,0.461538462,0.545454545,0.351351351,0.0,0.1996004,0.0,0.065534466,0.001398601,0.064135864,1.0
0.685107656,0.731758373,0.953349282,0.5,0.363636364,0.216216216,0.0,0.636164274,0.0,0.09469697,0.0,0.09469697,2.0
0.573163388,0.821256523,0.751906865,0.352941176,0.636363636,0.459459459,0.176470588,0.293857888,0.004516259,0.399036532,0.283656457,0.291850662,1.0
0.66069992,0.812449718,0.848250201,0.444444444,0.636363636,0.486486486,0.055555556,0.389481094,0.115044248,0.41230893,0.066516939,0.401347546,3.0
0.386391008,0.856985147,0.529405861,0.615384615,0.454545455,0.351351351,0.0,0.416198314,0.047470895,0.357085508,0.0,0.357085508,2.0
0.67,0.799401,0.867932,0.36,0.909091,0.675676,0.04,0.231169,0.016384,0.273767,0.065275,0.245115,1.0
0.861969015,0.972313843,0.889655172,0.5,0.545454545,0.378378378,0.0,0.020889555,0.098950525,0.450474763,0.016791604,0.442878561,1.0
0.408436625,0.588764494,0.819672131,0.235294118,0.727272727,0.459459459,0.117647059,0.638344662,0.0,0.213114754,0.287179246,0.106757297,2.0
0.38,0.698909,0.678373,0.35,0.818182,0.621622,0.043478,0.308929,0.035317,0.571747,0.108954,0.511845,3.0
0.16,0.64813,0.509855,0.31,0.818182,0.702703,0.115385,0.264984,0.099558,0.50333,0.271861,0.528475,3.0
0.339214514,0.558213716,0.781000797,0.347826087,0.727272727,0.621621622,0.130434783,0.548943381,0.001495215,0.253787879,0.222340684,0.197767145,3.0
0.12,0.885566,0.233852,0.31,1.0,0.702703,0.115385,0.352372,0.016746,0.351607,0.126449,0.111396,2.0
0.52,0.62018,0.895904,0.4,0.727273,0.540541,0.1,0.544955,0.002597,0.356342,0.12008,0.31,2.0
0.41,0.850849,0.558142,0.35,0.636364,0.540541,0.0,0.219381,0.087313,0.336961,0.426174,0.25959,2.0
0.788205645,0.592997592,0.899678973,0.35,0.818181818,0.540540541,0.05,0.822833066,1.00321E-4,0.12991573,0.145505618,0.048756019,2.0
0.370014993,0.605097451,0.764917541,0.571428571,0.545454545,0.378378378,0.0,0.11944028,0.064467766,0.768415792,9.995E-4,0.768315842,2.0
0.946428571,0.967559524,0.978869048,0.636363636,0.363636364,0.297297297,0.0,0.0625,0.014980159,0.190376984,0.0,0.190376984,1.0
0.356259968,0.761263955,0.594996013,0.444444444,0.636363636,0.486486486,0.0,0.150119617,0.031100478,0.7636563,0.039872408,0.724481659,3.0
0.802302302,0.9002002,0.902102102,0.5,0.545454545,0.378378378,0.142857143,0.48958959,2.002E-4,0.044344344,0.142857143,0.044344344,2.0
0.86,0.911682,0.945604,0.38,0.727273,0.567568,0.142857,0.082698,0.006222,0.208973,0.152291,0.32,1.0
0.938271605,0.972720032,0.965551573,0.333333333,0.636363636,0.405405405,0.0,0.045997611,0.006471525,0.261449622,0.032258065,0.229291119,1.0
0.90457097,0.984161989,0.920408982,0.5,0.454545455,0.27027027,0.0,0.031976744,0.071772253,0.506816359,2.00481E-4,0.506615878,1.0
0.77,0.814793,0.956539,0.5,0.545455,0.378378,0.142857,0.459131,0.001196,0.237872,0.142857,0.21,1.0
0.72,0.964257,0.75677,0.67,0.545455,0.567568,0.095238,0.26822,0.0,0.470662,0.1266,0.34,2.0
0.729735132,0.79890055,0.930834583,0.214285714,0.545454545,0.378378378,0.214285714,0.286756622,0.0,0.014692654,0.220682516,0.008295852,3.0
0.635345862,0.743202719,0.892143143,0.363636364,0.818181818,0.594594595,0.0,0.31217513,0.027389044,0.37764894,0.198120752,0.197720912,3.0
0.8638,0.9353,0.9285,0.615384615,0.454545455,0.351351351,0.0,0.1939,0.0019,0.2328,0.0,0.2328,1.0
0.57,0.698051,0.867166,0.5,0.636364,0.324324,0.083333,0.626287,0.0,0.190157,0.083333,0.05,1.0
0.254445554,0.269430569,0.985014985,0.333333333,0.272727273,0.162162162,0.0,0.981718282,0.0,0.018181818,0.0,0.018181818,2.0
0.871681416,0.952232502,0.919448914,0.363636364,0.545454545,0.297297297,0.0,0.073411102,0.0,0.22385358,0.028761062,0.195092518,1.0
0.450774613,0.664867566,0.785907046,0.380952381,0.818181818,0.567567568,0.095238095,0.385507246,0.00149925,0.44157921,0.095737845,0.44127936,3.0
0.970309984,0.974134461,0.996175523,0.5,0.363636364,0.216216216,0.0,0.218095813,0.0,0.198671498,0.0,0.198671498,1.0
0.21,0.783094,0.424242,0.35,0.818182,0.540541,0.1,0.346392,0.005084,0.33526,0.14077,0.1301,2.0
0.099433231,0.874614696,0.224818534,0.363636364,1.0,0.594594595,0.090909091,0.368499553,0.001590932,0.062344636,0.096676218,0.056975241,2.0
0.72,0.766829,0.957641,0.31,0.818182,0.702703,0.115385,0.162573,0.006563,0.622804,0.427307,0.440782,3.0
0.890907266,0.933560819,0.957346447,0.416666667,0.545454545,0.324324324,0.0,0.23996387,0.0,0.110899237,0.002107587,0.10879165,1.0
0.16993007,0.691008991,0.478921079,0.615384615,0.454545455,0.351351351,0.0,0.215884116,0.03966034,0.633566434,0.0,0.633566434,2.0
0.23,0.783854,0.44303,0.33,0.818182,0.648649,0.083333,0.249652,0.284649,0.518592,0.177786,0.61835,3.0
0.911664666,0.919167667,0.992496999,0.5,0.545454545,0.324324324,0.0,0.344337735,0.0,0.071828731,1.0004E-4,0.071728691,3.0
0.48095952,0.757921039,0.723038481,0.428571429,0.545454545,0.378378378,0.214285714,0.739930035,0.0,0.08095952,0.214285714,0.08095952,2.0
0.34,0.736409,0.607341,0.31,0.818182,0.702703,0.115385,0.218353,0.143452,0.609247,0.215483,0.42,3.0
0.105490748,0.47194288,0.633547868,0.538461538,0.545454545,0.351351351,0.0,0.438656476,0.023028962,0.484211585,2.01126E-4,0.484010459,2.0
0.21577011,0.537138312,0.678631799,0.4,0.727272727,0.540540541,0.15,0.461867356,2.983E-4,0.371283683,0.216222532,0.305061151,3.0
0.522337455,0.757578779,0.764758676,0.428571429,0.545454545,0.378378378,0.0,0.280514559,0.006781013,0.525029916,0.016354208,0.508675708,1.0
0.456543457,0.625374625,0.831168831,0.461538462,0.545454545,0.351351351,0.0,0.584715285,0.0,0.411688312,0.001098901,0.410589411,2.0
0.86,0.923277,0.935497,0.53,0.636364,0.405405,0.066667,0.148938,0.011719,0.222233,0.066767,0.18,1.0
0.597587719,0.769338118,0.828249601,0.615384615,0.454545455,0.351351351,0.0,0.422248804,0.004585327,0.4159689,0.0,0.4159689,2.0
0.362371446,0.432950192,0.929421254,0.4,0.727272727,0.540540541,0.15,0.679572494,0.008368623,0.189755999,0.16754386,0.17221214,2.0
0.136363636,0.721590909,0.414772727,0.285714286,0.818181818,0.567567568,0.095238095,0.252392344,0.015151515,0.594298246,0.311047505,0.414573365,3.0
0.624725823,0.848055833,0.77666999,0.296296296,0.909090909,0.72972973,0.148148148,0.166899302,0.162811565,0.433200399,0.308566892,0.274576271,3.0
0.632132132,0.722522523,0.90960961,0.454545455,0.454545455,0.297297297,0.0,0.112212212,4.004E-4,0.59049049,0.02022022,0.57027027,2.0
0.12,0.779007,0.338915,0.42,0.636364,0.513514,0.0,0.202253,0.05941,0.581832,0.012959,0.750299,3.0
0.242671984,0.764307079,0.478364905,0.363636364,0.727272727,0.594594595,0.090909091,0.321635095,0.084646062,0.49670987,0.221616967,0.371984048,3.0
0.4013993,0.611394303,0.790004998,0.4,0.545454545,0.27027027,0.0,0.944427786,0.0,0.042978511,1.999E-4,0.042778611,3.0
0.515628151,0.560798548,0.954829603,0.5,0.454545455,0.378378378,0.0,0.423674128,0.004234725,0.37789877,0.012905828,0.364992942,3.0
0.64,0.789978,0.852941,0.28,0.818182,0.675676,0.16,0.385948,0.011874,0.335707,0.199325,0.140327,2.0
0.212178973,0.484751204,0.727427769,0.4,0.636363636,0.540540541,0.0,0.07714687,0.066011236,0.834670947,0.443820225,0.431781701,3.0
0.770622143,0.820115285,0.950506857,0.375,0.636363636,0.432432432,0.125,0.800834824,0.0,0.068276685,0.139609422,0.053667263,2.0
0.56,0.630263,0.931793,0.3,0.727273,0.540541,0.15,0.750175,0.0,0.334764,0.25291,0.053,2.0
0.85062199,0.881721509,0.968900482,0.545454545,0.454545455,0.297297297,0.0,0.465288925,0.0,0.026685393,0.0,0.026685393,1.0
0.24087956,0.613793103,0.627086457,0.421052632,0.727272727,0.513513514,0.0,0.32033983,0.006296852,0.622888556,0.116141929,0.526736632,2.0
0.690816935,0.781256211,0.909560724,0.470588235,0.636363636,0.459459459,0.117647059,0.130888491,0.003975353,0.647485589,0.394828534,0.373981316,2.0
0.40687852,0.855893001,0.550985519,0.5,0.454545455,0.432432432,0.0,0.303700724,0.308829445,0.626508447,0.096238938,0.530269509,3.0
0.58,0.788074,0.794521,0.27,0.909091,0.702703,0.115385,0.118755,0.150987,0.471464,0.273322,0.425528,3.0
0.863468266,0.906446777,0.957021489,0.5,0.545454545,0.324324324,0.0,0.150024988,2.9985E-4,0.291054473,3.998E-4,0.290654673,1.0
0.873163418,0.941229385,0.931934033,0.375,0.636363636,0.432432432,0.1875,0.302748626,0.0,0.106046977,0.1884995,0.105047476,1.0
0.38,0.693193,0.683984,0.35,0.818182,0.621622,0.130435,0.537638,0.036036,0.499645,0.199204,0.243924,3.0
0.476876877,0.815915916,0.660960961,0.428571429,0.545454545,0.378378378,0.0,0.330630631,0.0,0.348248248,0.012012012,0.336236236,2.0
0.66849397,0.801156185,0.867337785,0.318181818,0.818181818,0.594594595,0.181818182,0.541911691,0.010565135,0.14322735,0.186403052,0.139240506,2.0
0.76,0.817212,0.940965,0.47,0.545455,0.405405,0.2,0.520044,1.0E-4,0.186241,0.2,0.08,1.0
0.487087087,0.622822823,0.864264264,0.538461538,0.545454545,0.351351351,0.076923077,0.299399399,1.001E-4,0.421721722,0.076923077,0.421721722,2.0
0.430249925,0.714129244,0.716120681,0.227272727,0.818181818,0.594594595,0.181818182,0.672607787,0.003186299,0.135019417,0.273225132,0.057950812,3.0
0.64,0.804876,0.831962,0.31,0.818182,0.702703,0.115385,0.319823,0.005417,0.465414,0.156215,0.057925,3.0
0.434097707,0.665004985,0.769092722,0.421052632,0.727272727,0.513513514,0.105263158,0.2333001,0.055832502,0.515154536,0.159500446,0.46111665,3.0
0.605597201,0.740629685,0.864967516,0.5,0.545454545,0.378378378,0.0,0.3998001,0.018190905,0.475962019,5.997E-4,0.475362319,2.0
0.884815185,0.921078921,0.963736264,0.384615385,0.545454545,0.351351351,0.0,0.139060939,0.001198801,0.210989011,0.015884116,0.195104895,1.0
0.05,0.884484,0.169469,0.32,0.818182,0.675676,0.16,0.387888,0.015015,0.355786,0.173413,0.116607,2.0
0.658941059,0.898401598,0.760539461,0.4375,0.636363636,0.432432432,0.0,0.262837163,0.11008991,0.54025974,0.012087912,0.529270729,2.0
0.46128648,0.742604725,0.718681755,0.444444444,0.636363636,0.486486486,0.0,0.508338297,0.013202303,0.319138376,0.034643637,0.285685924,2.0
0.362371446,0.432950192,0.929421254,0.4,0.727272727,0.540540541,0.15,0.679572494,0.008368623,0.189755999,0.16754386,0.17221214,2.0
0.83,0.892775,0.94081,0.5,0.636364,0.378378,0.142857,0.420058,0.0,0.223283,0.142857,0.1,1.0
0.347043443,0.409593725,0.937449718,0.5,0.545454545,0.378378378,0.071428571,0.85810539,9.05068E-4,0.119167337,0.071428571,0.119167337,2.0
0.63428342,0.896226415,0.738057005,0.421052632,0.636363636,0.513513514,0.210526316,0.307306303,0.0031112,0.073163388,0.215142936,0.068546768,1.0
0.024458701,0.538592622,0.485866079,0.363636364,0.727272727,0.594594595,0.0,0.231655974,0.040998396,0.546411387,0.4930834,0.260625501,3.0
0.25,0.573531,0.677041,0.32,0.818182,0.675676,0.08,0.397633,0.032912,0.508754,0.305813,0.224319,3.0
0.372172172,0.638538539,0.733633634,0.19047619,0.727272727,0.567567568,0.142857143,0.660560561,1.001E-4,0.140540541,0.197912198,0.112212212,3.0
0.811988012,0.852147852,0.95984016,0.538461538,0.454545455,0.351351351,0.0,0.164535465,0.004595405,0.611888112,0.041558442,0.57032967,2.0
0.541413941,0.78363329,0.75778065,0.416666667,0.454545455,0.324324324,0.0,0.231082828,0.0,0.74485433,0.012329721,0.73252461,2.0
0.29,0.606807,0.715516,0.29,0.818182,0.756757,0.142857,0.666466,0.01011,0.376106,0.177191,0.12972,2.0
0.11,0.742251,0.364996,0.24,0.636364,0.459459,0.117647,0.520084,2.99E-4,0.333964,0.208348,0.051694,2.0
0.662419743,0.894361958,0.768057785,0.272727273,0.818181818,0.594594595,0.045454545,0.206962279,0.024077047,0.623896469,0.448745075,0.246288122,3.0
0.699919549,0.874798874,0.825120676,0.7,0.363636364,0.27027027,0.0,0.172164119,0.099758648,0.471440064,0.0,0.471440064,2.0
0.592696629,0.836376404,0.756320225,0.421052632,0.636363636,0.513513514,0.0,0.149779294,0.194923756,0.78320626,0.162319422,0.623495185,3.0
0.910676692,0.954887218,0.955789474,0.571428571,0.545454545,0.378378378,0.0,0.114987469,0.022155388,0.344260652,2.00501E-4,0.34406015,1.0
0.906500803,0.954153291,0.952347512,0.545454545,0.454545455,0.297297297,0.0,0.036617175,0.037419743,0.232744783,0.0,0.232744783,1.0
0.621954857,0.880182957,0.7417719,0.411764706,0.636363636,0.459459459,0.0,0.446057472,9.94332E-5,0.089191608,0.010042756,0.080242617,2.0
0.88,0.953147,0.92957,0.32,0.818182,0.675676,0.16,0.055844,0.003197,0.185256,0.197163,0.1403,1.0
0.9,0.923801,0.980777,0.36,0.545455,0.378378,0.0,0.221562,0.0,0.215818,0.002973,0.24,1.0
0.59,0.784615,0.805894,0.29,0.727273,0.459459,0.176471,0.576224,0.0,0.180261,0.177569,0.1,1.0
0.33668993,0.720538385,0.616151545,0.294117647,0.818181818,0.459459459,0.117647059,0.461016949,0.0,0.309172483,0.240279163,0.18664008,2.0
0.171749599,0.496789727,0.674959872,0.3125,0.727272727,0.432432432,0.1875,0.877106742,0.0,0.095204655,0.1875,0.095204655,3.0
0.549558587,0.829454254,0.720104334,0.470588235,0.545454545,0.459459459,0.058823529,0.632724719,0.149277689,0.282002408,0.065846001,0.274979936,3.0
0.62264906,0.888655462,0.733993597,0.5,0.545454545,0.27027027,0.0,0.272208884,0.0,0.478391357,0.00140056,0.476990796,1.0
0.379710145,0.753223388,0.626486757,0.210526316,0.727272727,0.513513514,0.157894737,0.386106947,0.045177411,0.325037481,0.20946895,0.273663168,2.0
0.688555722,0.80029985,0.888255872,0.4,0.727272727,0.540540541,0.1,0.356621689,0.035082459,0.31964018,0.154472764,0.265667166,2.0
0.769308328,0.852087114,0.917221214,0.421052632,0.636363636,0.513513514,0.0,0.167674934,0.079552329,0.474087518,0.052429925,0.447973382,3.0
0.530634683,0.645177411,0.885457271,0.4,0.818181818,0.540540541,0.1,0.670864568,9.995E-4,0.083458271,0.127386307,0.056671664,2.0
0.508032129,0.671385542,0.836646586,0.4375,0.545454545,0.432432432,0.0,0.304016064,0.039959839,0.640662651,0.063353414,0.577309237,3.0
0.785348206,0.905738117,0.879610089,0.384615385,0.545454545,0.351351351,0.0,0.023515225,0.02542458,0.585468797,0.037986132,0.547482665,1.0
0.701899175,0.817540022,0.884359153,0.5,0.636363636,0.432432432,0.0,0.339564482,0.010639356,0.51983693,0.013721786,0.506115144,2.0
0.429285357,0.707246377,0.722038981,0.470588235,0.636363636,0.459459459,0.0,0.315542229,0.050474763,0.544927536,0.011494253,0.533533233,2.0
0.685714286,0.874144869,0.811569416,0.333333333,0.818181818,0.648648649,0.083333333,0.16971831,0.146478873,0.707243461,0.342588867,0.462273642,3.0
0.870164918,0.946626687,0.923538231,0.411764706,0.545454545,0.459459459,0.0,0.131834083,0.058170915,0.658370815,0.098650675,0.586706647,2.0
0.33,0.652514,0.676403,0.31,0.909091,0.702703,0.076923,0.361437,0.034026,0.418376,0.118176,0.52094,2.0
0.286416533,0.792235152,0.49418138,0.173913043,0.727272727,0.621621622,0.173913043,0.167536116,0.15920947,0.416733547,0.384587201,0.300862761,3.0
0.68,0.777666,0.899559,0.37,0.727273,0.513514,0.157895,0.52095,8.02E-4,0.347697,0.165814,0.12,2.0
0.85218254,0.916666667,0.935515873,0.4375,0.636363636,0.432432432,0.0625,0.099107143,0.047619048,0.513095238,0.09781746,0.477876984,3.0
0.092997592,0.899678973,0.19331862,0.363636364,0.727272727,0.594594595,0.045454545,0.219803371,0.180276886,0.45214687,0.06642164,0.4375,3.0
0.17,0.80141,0.368583,0.27,0.818182,0.702703,0.153846,0.111608,0.120048,0.467782,0.321059,0.428539,3.0
0.313843078,0.605497251,0.708345827,0.35,0.636363636,0.540540541,0.0,0.201999,0.214492754,0.64167916,0.157121439,0.610794603,3.0
0.871236451,0.893918105,0.977318346,0.5,0.454545455,0.27027027,0.0,0.240967483,0.0,0.060718587,0.0,0.060718587,1.0
0.3718,0.6559,0.7159,0.228571429,1.0,0.945945946,0.114285714,0.3238,0.0205,0.0933,0.153485714,0.1605,2.0
0.45,0.798498,0.654054,0.62,0.454545,0.351351,0.0,0.494394,4.0E-4,0.321906,0.0,0.34,1.0
0.89,0.939186,0.952065,0.62,0.454545,0.351351,0.0,0.153414,0.014309,0.209434,0.0,0.16,1.0
0.834834835,0.912212212,0.922622623,0.416666667,0.545454545,0.324324324,0.0,0.020520521,0.026926927,0.615015015,0.168368368,0.446846847,1.0
0.24,0.690457,0.549419,0.31,0.818182,0.702703,0.153846,0.378408,0.01664,0.590112,0.240654,0.358645,3.0
0.852441086,0.870040768,0.982400318,0.466666667,0.545454545,0.405405405,0.133333333,0.21298598,7.95466E-4,0.17788605,0.134128799,0.177090584,1.0
0.73,0.811194,0.920613,0.22,0.636364,0.486486,0.166667,0.226391,0.004498,0.463909,0.181861,0.0205,3.0
0.927846448,0.96874686,0.959099588,0.384615385,0.545454545,0.351351351,0.0,0.015877801,0.003517234,0.519244297,0.12913275,0.390111547,1.0
0.146246246,0.751051051,0.395195195,0.25,0.818181818,0.648648649,0.125,0.13003003,0.10950951,0.59019019,0.125153554,0.442642643,3.0
0.749396135,0.804851047,0.944545089,0.615384615,0.454545455,0.351351351,0.0,0.283715781,0.001308374,0.263285024,0.0,0.263285024,1.0
0.612150936,0.673606246,0.93854469,0.428571429,0.545454545,0.378378378,0.0,0.572114903,0.0,0.297167451,0.003202883,0.293964568,1.0
0.430778491,0.790329053,0.640449438,0.32,0.818181818,0.675675676,0.16,0.436597111,0.004614767,0.138242376,0.200529695,0.149478331,2.0
0.338761239,0.66003996,0.678721279,0.4,0.636363636,0.540540541,0.15,0.467832168,0.022777223,0.302597403,0.182167832,0.27042957,2.0
0.477546111,0.518945469,0.958600642,0.363636364,0.454545455,0.297297297,0.0,0.046511628,0.015336808,0.918704892,0.442161187,0.476543705,2.0
0.877522478,0.91048951,0.967032967,0.363636364,0.545454545,0.297297297,0.0,0.09030969,0.0,0.152447552,4.995E-4,0.151948052,1.0
0.720736122,0.791633146,0.929102977,0.388888889,0.636363636,0.486486486,0.0,0.41995173,0.034895414,0.346138375,0.05038214,0.299577635,3.0
0.273774072,0.740619416,0.533154656,0.28,0.909090909,0.675675676,0.08,0.398848521,0.038614255,0.343259877,0.272277149,0.156541592,2.0
0.34,0.866593,0.47654,0.32,0.818182,0.675676,0.12,0.338401,0.124446,0.498142,0.188264,0.333592,3.0
0.875300722,0.948476343,0.926824379,0.375,0.636363636,0.432432432,0.0,0.067862871,0.016339214,0.368684844,0.06936648,0.299418605,1.0
0.468087235,0.81322529,0.654861945,0.32,0.818181818,0.675675676,0.12,0.253401361,0.091036415,0.546518607,0.189427771,0.480192077,3.0
0.2,0.781448,0.419697,0.25,0.727273,0.540541,0.15,0.625013,0.0,0.334795,0.168801,0.030519,2.0
0.12,0.882123,0.238864,0.42,0.636364,0.513514,0.0,0.319422,0.388543,0.476851,0.03762,0.63311,3.0
0.146826587,0.539830085,0.606996502,0.4,0.727272727,0.540540541,0.15,0.743028486,0.057271364,0.207096452,0.15,0.207096452,2.0
0.822680207,0.858422939,0.964257268,0.533333333,0.545454545,0.405405405,0.0,0.27528873,0.001194743,0.277976902,0.001095181,0.27688172,1.0
0.533766234,0.792407592,0.741358641,0.333333333,0.909090909,0.648648649,0.125,0.471728272,0.11998002,0.330569431,0.125,0.243356643,3.0
0.58,0.661339,0.913786,0.35,0.909091,0.621622,0.130435,0.315684,0.017383,0.350447,0.199865,0.4801,2.0
0.068955134,0.778982234,0.2899729,0.25,0.909090909,0.648648649,0.125,0.531667169,0.0,0.079494128,0.125,0.07668373,2.0
0.77,0.900686,0.873866,0.5,0.545455,0.432432,0.0,0.276165,0.003327,0.199839,0.001613,0.2,1.0
0.692881289,0.917379201,0.775502088,0.307692308,0.454545455,0.351351351,0.0,0.151720024,0.023861603,0.517995625,0.184132034,0.333863591,1.0
0.27,0.71971,0.554955,0.28,0.909091,0.783784,0.137931,0.225227,0.068369,0.478838,0.279428,0.47219,3.0
0.693406593,0.910889111,0.782517483,0.411764706,0.636363636,0.459459459,0.0,0.244055944,0.077922078,0.344755245,0.026673327,0.318181818,3.0
0.809235353,0.945978153,0.8632572,0.4375,0.545454545,0.432432432,0.0,0.061866931,0.061469712,0.249751738,0.068023833,0.181727905,1.0
0.4994,0.8958,0.6036,0.615384615,0.454545455,0.351351351,0.0,0.2075,0.0097,0.2839,0.0,0.2839,2.0
0.880027877,0.966049383,0.913978495,0.466666667,0.545454545,0.405405405,0.0,0.016129032,0.046694544,0.545201115,0.029669454,0.515531661,1.0
0.93,0.950089,0.978027,0.43,0.545455,0.378378,0.0,0.355936,0.002585,0.185422,0.001193,0.12,1.0
0.85,0.846625,1.0,0.36,0.636364,0.378378,0.0,0.486484,0.0,0.217578,0.007034,0.12,1.0
0.842894525,0.941223833,0.901670692,0.357142857,0.636363636,0.378378378,0.0,0.056461353,0.007145733,0.317028986,0.127415459,0.198772142,1.0
0.527300151,0.800301659,0.726998492,0.375,0.727272727,0.432432432,0.1875,0.867169432,0.0,0.008144796,0.1875,0.008144796,2.0
0.82,0.835365,0.987213,0.33,0.363636,0.243243,0.0,0.218781,0.0,0.178363,0.059041,0.37,1.0
0.32,0.464068,0.857671,0.42,0.545455,0.513514,0.157895,0.415492,0.038481,0.340861,0.260144,0.45,2.0
0.387706147,0.837981009,0.549725137,0.222222222,0.727272727,0.486486486,0.111111111,0.488455772,0.025387306,0.340729635,0.139796768,0.314042979,3.0
0.843706502,0.908232253,0.935474249,0.571428571,0.545454545,0.378378378,0.0,0.228176576,0.002187314,0.303738318,9.94233E-4,0.303638894,1.0
0.601042502,0.964715317,0.636327185,0.318181818,0.818181818,0.594594595,0.136363636,0.145048115,0.357257418,0.723336006,0.397690822,0.482056937,3.0
0.38,0.68028,0.698999,0.27,0.818182,0.702703,0.153846,0.596396,9.01E-4,0.46421,0.209101,0.127938,3.0
0.82,0.882712,0.932692,0.5,0.545455,0.432432,0.1875,0.248998,3.0E-4,0.252882,0.1875,0.13,1.0
0.925223436,0.983614697,0.941608739,0.357142857,0.545454545,0.378378378,0.0,0.034756703,0.015292949,0.355412115,0.031777557,0.323634558,1.0
0.896555157,0.918160096,0.978395062,0.4,0.454545455,0.27027027,0.0,0.025686977,3.98248E-4,0.19524094,0.094086022,0.101154918,1.0
0.807538091,0.870489174,0.937048917,0.615384615,0.454545455,0.351351351,0.0,0.186046512,0.002606255,0.204089816,0.0,0.204089816,1.0
0.627358491,0.908269771,0.719088719,0.5,0.545454545,0.432432432,0.0,0.092232035,0.233942192,0.546467282,0.001806503,0.544660779,3.0
0.816843989,0.841901163,0.974942826,0.272727273,0.454545455,0.297297297,0.0,0.581883265,0.0,0.102316794,0.026946405,0.075370389,3.0
0.445962114,0.844566301,0.601395813,0.375,0.636363636,0.432432432,0.0,0.162811565,0.265702891,0.742771685,0.06001994,0.682851446,3.0
0.584826762,0.8543409,0.730485862,0.32,0.909090909,0.675675676,0.12,0.129530068,0.154221426,0.595280765,0.286069295,0.456690562,3.0
0.243499294,0.690385003,0.553114291,0.411764706,0.636363636,0.459459459,0.117647059,0.371396896,8.06289E-4,0.455351744,0.134881487,0.438117315,2.0
0.902211991,0.943649284,0.958562706,0.625,0.363636364,0.216216216,0.0,0.008007206,0.016715044,0.328495646,0.0,0.328495646,1.0
0.123595506,0.434891653,0.688703852,0.214285714,0.636363636,0.378378378,0.071428571,0.772873194,0.0,0.053571429,0.073033708,0.127407705,2.0
0.097351324,0.725437281,0.371914043,0.285714286,0.636363636,0.378378378,0.0,0.705847076,0.0,0.168215892,0.003098451,0.165317341,2.0
0.463657154,0.814557025,0.649100129,0.333333333,0.636363636,0.405405405,0.0,0.494879189,0.109475987,0.358556229,0.037386895,0.33210699,3.0
0.91,0.942572,0.967697,0.38,0.545455,0.351351,0.0,0.319541,0.0,0.178562,0.001795,0.13,1.0
0.28,0.665339,0.618939,0.44,0.727273,0.486486,0.055556,0.487802,9.96E-4,0.439211,0.067604,0.430096,2.0
0.904245799,0.946803222,0.957442577,0.357142857,0.545454545,0.378378378,0.0,0.107686189,0.015113851,0.412946207,0.123297206,0.289649001,1.0
0.732689211,0.854669887,0.878019324,0.416666667,0.545454545,0.324324324,0.0,0.010768921,0.074677939,0.56763285,0.005736715,0.561896135,3.0
0.724072597,0.88262864,0.841443957,0.4375,0.636363636,0.432432432,0.0,0.051356203,0.014359793,0.421220582,0.067510969,0.357598724,1.0
0.866958337,0.909615193,0.957343144,0.411764706,0.727272727,0.459459459,0.117647059,0.460972457,0.004971662,0.368002386,0.230503776,0.255742269,2.0
0.69,0.874751,0.812924,0.57,0.545455,0.378378,0.0,0.346629,0.001895,0.244378,1.0E-4,0.21,1.0
0.88,0.927778,0.956746,0.39,0.636364,0.486486,0.166667,0.079762,4.96E-4,0.191259,0.167262,0.11,1.0
0.183908046,0.711244378,0.472663668,0.307692308,0.818181818,0.702702703,0.153846154,0.174712644,0.04127936,0.191504248,0.232406873,0.128235882,2.0
0.29,0.6532,0.6385,0.35,0.818182,0.621622,0.043478,0.2511,0.239,0.810509,0.086178,0.6454,3.0
0.268403057,0.772827836,0.495575221,0.272727273,0.818181818,0.594594595,0.181818182,0.164823009,0.147023331,0.739340306,0.243765084,0.677795656,3.0
0.866766617,0.923538231,0.943228386,0.416666667,0.545454545,0.324324324,0.0,0.458370815,0.0,0.108445777,0.006396802,0.102048976,1.0
0.07,0.672969,0.400241,0.38,0.636364,0.567568,0.0,0.247084,0.21611,0.517509,0.259051,0.410225,3.0
0.707983193,0.847539016,0.860444178,0.388888889,0.727272727,0.486486486,0.055555556,0.449379752,0.044317727,0.412965186,0.100973723,0.367847139,3.0
0.25,0.714027,0.539266,0.29,1.0,0.756757,0.107143,0.257717,0.21096,0.520722,0.347163,0.425852,3.0
0.486384417,0.757901014,0.728483403,0.333333333,0.909090909,0.648648649,0.125,0.324289406,0.10952097,0.38839197,0.125,0.377857285,3.0
0.42,0.670921,0.744941,0.27,0.909091,0.702703,0.115385,0.556469,0.001496,0.365177,0.226374,0.137052,2.0
0.395204795,0.86033966,0.534865135,0.4,0.636363636,0.540540541,0.0,0.082817183,0.256143856,0.862537463,0.262437562,0.601298701,3.0
0.74984985,0.846646647,0.903203203,0.4375,0.636363636,0.432432432,0.0625,0.217217217,0.011411411,0.425725726,0.066604104,0.421621622,2.0
0.760961384,0.897023331,0.863938053,0.545454545,0.454545455,0.297297297,0.0,0.375402253,0.0,0.179907482,0.0,0.179907482,1.0
0.209629187,0.441786284,0.767842903,0.333333333,0.636363636,0.405405405,0.133333333,0.819577352,0.013058214,0.175338915,0.208692185,0.100976874,2.0
0.811111111,0.929329329,0.881781782,0.416666667,0.545454545,0.324324324,0.0,0.223623624,0.055655656,0.470770771,0.176076076,0.305805806,3.0
0.42017982,0.841758242,0.578421578,0.32,0.818181818,0.675675676,0.12,0.336763237,0.029270729,0.367632368,0.145374625,0.343556444,2.0
0.221621622,0.524324324,0.697297297,0.444444444,0.636363636,0.486486486,0.0,0.496596597,0.002702703,0.462062062,0.028828829,0.433833834,3.0
0.68390176,0.936462166,0.747439594,0.5,0.545454545,0.324324324,0.083333333,0.352590236,0.0,0.224818534,0.083333333,0.224818534,2.0
0.89289988,0.903171121,0.989728759,0.363636364,0.454545455,0.297297297,0.0,0.372955724,0.0,0.093338652,0.02931791,0.064020742,1.0
0.500050246,0.87840418,0.621646066,0.333333333,0.818181818,0.486486486,0.055555556,0.271028037,0.018189127,0.300371822,0.112333769,0.243694101,1.0
0.486437974,0.773434384,0.71300359,0.461538462,0.545454545,0.351351351,0.0,0.666733147,0.0,0.054347826,0.001196649,0.053151177,2.0
0.89890329,0.931206381,0.967696909,0.466666667,0.545454545,0.405405405,0.0,0.217148554,9.97009E-4,0.101595214,0.0,0.101595214,1.0
0.522253408,0.770148356,0.752105052,0.333333333,0.818181818,0.648648649,0.083333333,0.601744186,0.03638733,0.256315156,0.094660519,0.244987971,3.0
0.52,0.615816,0.909009,0.41,0.636364,0.459459,0.058824,0.193493,0.007508,0.353984,0.302067,0.54,2.0
0.47,0.615547,0.849667,0.29,0.636364,0.378378,0.142857,0.893729,0.0,0.334065,0.150722,0.02,2.0
0.813672111,0.958963501,0.854708611,0.428571429,0.545454545,0.378378378,0.0,0.04164146,0.057975398,0.319721718,0.041540633,0.278181085,1.0
0.387506247,0.789405297,0.59810095,0.375,0.363636364,0.216216216,0.0,0.532033983,0.0,0.109645177,0.0,0.109645177,2.0
0.41950729,0.733836099,0.685671192,0.533333333,0.454545455,0.405405405,0.0,0.182403218,0.095022624,0.696832579,0.017094017,0.679738562,3.0
0.883045052,0.938958166,0.944086887,0.444444444,0.454545455,0.243243243,0.0,0.258648431,0.0,0.054404666,0.013877715,0.040526951,1.0
0.187829373,0.736501939,0.451327434,0.461538462,0.545454545,0.351351351,0.0,0.627025952,0.0,0.169831958,6.96033E-4,0.169135925,2.0
0.485134732,0.569652978,0.915481754,0.35,0.727272727,0.540540541,0.15,0.707368002,0.001392065,0.181465646,0.204091677,0.127970568,3.0
0.620184591,0.859249599,0.760934992,0.333333333,0.636363636,0.405405405,0.0,0.152989567,0.55858748,0.55858748,0.134329856,0.424959872,1.0
0.31,0.596336,0.713334,0.28,1.0,0.675676,0.08,0.584261,0.006454,0.347079,0.15838,0.160409,2.0
0.26,0.504496,0.756943,0.33,0.727273,0.567568,0.0,0.295205,0.142857,0.4735,0.159341,0.496723,3.0
0.59183059,0.743777599,0.848052991,0.5,0.545454545,0.378378378,0.0,0.150541951,7.02529E-4,0.596949016,6.02168E-4,0.596346849,1.0
0.57,0.846547,0.718519,0.4,0.636364,0.405405,0.0,0.552553,0.0,0.338669,0.008008,0.0401,2.0
0.293526897,0.841006264,0.452520632,0.421052632,0.636363636,0.513513514,0.105263158,0.142984986,0.36163866,0.79009645,0.159056536,0.736303072,3.0
0.719551282,0.76181891,0.957732372,0.4,0.636363636,0.405405405,0.0,0.868990385,5.00801E-4,0.111177885,0.003505609,0.108072917,3.0
0.440840841,0.684184184,0.756656657,0.266666667,0.636363636,0.405405405,0.0,0.804004004,0.001901902,0.114414414,0.032732733,0.082982983,2.0
0.227227127,0.604434189,0.622792937,0.28,0.818181818,0.675675676,0.16,0.578551364,5.01605E-4,0.035814607,0.175449438,0.046348315,3.0
0.467889908,0.547267651,0.920622258,0.315789474,0.636363636,0.513513514,0.0,0.597128041,0.011567611,0.34054647,0.249401675,0.120263263,3.0
0.187630506,0.752610122,0.435020384,0.217391304,0.909090909,0.621621622,0.130434783,0.130434783,0.0,0.348314607,0.351176555,0.151635677,3.0
0.613445378,0.667867147,0.945578231,0.4,0.545454545,0.27027027,0.0,0.582633053,0.0,0.162865146,6.0024E-4,0.162264906,1.0
0.892107892,0.951648352,0.94045954,0.555555556,0.363636364,0.243243243,0.0,0.046253746,0.038561439,0.287412587,0.0,0.287412587,1.0
0.38,0.928729,0.449479,0.2,0.636364,0.405405,0.133333,0.464214,0.0,0.333964,0.251316,0.06085,2.0
0.238440887,0.763348911,0.475091976,0.266666667,0.545454545,0.405405405,0.0,0.137814458,0.102117928,0.786516854,0.134035995,0.655165556,2.0
0.87,0.900341,0.971096,0.54,0.545455,0.351351,0.0,0.238258,1.0E-4,0.179366,1.0E-4,0.03,1.0
0.742373905,0.78747609,0.954897815,0.461538462,0.545454545,0.351351351,0.0,0.305144468,6.04047E-4,0.315513943,0.003624283,0.311889661,1.0
0.219502408,0.631119583,0.588382825,0.269230769,0.818181818,0.702702703,0.153846154,0.30276886,0.096308186,0.339987961,0.342750648,0.429073034,3.0
0.469712016,0.502184707,0.967527309,0.666666667,0.363636364,0.243243243,0.0,0.546276068,0.0,0.43694141,0.0,0.43694141,2.0
0.382817183,0.637962038,0.744855145,0.4375,0.636363636,0.432432432,0.0,0.464535465,1.998E-4,0.407292707,0.056343656,0.352547453,2.0
0.28,0.696167,0.587397,0.38,0.727273,0.567568,0.095238,0.311258,0.150311,0.628268,0.142198,0.567726,3.0
